Sample	fastp-pct_duplication	fastp-after_filtering_q30_rate	fastp-after_filtering_q30_bases	fastp-filtering_result_passed_filter_reads	fastp-after_filtering_gc_content	fastp-pct_surviving_reads	fastp-pct_surviving_bases	fastp-pct_adapter	fastp-before_filtering_read1_mean_length	fastp-before_filtering_read2_mean_length	fastqc-percent_duplicates	fastqc-percent_gc	fastqc-avg_sequence_length	fastqc-median_sequence_length	fastqc-percent_fails	fastqc-total_sequences
SRR6231181	0.42149600000000004	98.0794	3535.261825	29.347849999999998	54.1864	95.4343713646515	93.76964993278781	7.000645099064882	125.0	125.0						
SRR6231181_1											0.8965431512125406	54.0	125.0	125	0.0	15.375933
SRR6231181_2											0.8688511879273761	54.0	125.0	125	0.0	15.375933
SRR6231184	0.590905	97.7961	4837.045152	40.47537	50.7854	96.22488101863595	94.06872227601679	7.1216649379233345	125.0	125.0						
SRR6231184_1											3.5463604072109547	50.0	125.0	125	10.0	21.031655
SRR6231184_2											3.583732803260446	50.0	125.0	125	10.0	21.031655
SRR6231191	0.706139	98.0456	6447.5784189999995	53.63082	51.084700000000005	95.51811900966021	93.69792562324575	7.893382321642187	125.0	125.0						
SRR6231191_1											3.1498787503631718	51.0	125.0	125	10.0	28.073636999999998
SRR6231191_2											3.158399184756661	51.0	125.0	125	10.0	28.073636999999998
SRR6231217	0.42545700000000003	97.55	5922.079205999999	49.873712	53.57809999999999	95.2375598298279	92.74134585117862	7.622409633787183	125.0	125.0						
SRR6231217_1											1.3211513646086104	53.0	125.0	125	0.0	26.183846
SRR6231217_2											1.329298493240131	53.0	125.0	125	0.0	26.183846
